1 0
  0
  0       -8     -416       -4      200
        0        0        0        0       -1        0        0
  0       48     -416       42      200
        0        0        0       -1       -1        0        0
  1     -252     -416      175      200
        0        0        0        0        0        0        0
 0.000000 0.000000 0.000000 0.000000 0.000000 0.000000 0.000000
4
  0
  0     -112      198     -110     -420
 -1.17743 -1.02341 0.141571 0.0553711 -0.0097307 0.998418 -0.0861096
  0      -60     -420      -68      198
  1.06817 -1.09579 -0.913992  0.74504 -0.00609852 0.666992 -0.192886
  3     -256     -420      199      198
        0  2.75591        0        0        0        0        0
 0.000000 0.000000 0.000000 15.000000 0.000000 0.000000 0.000000
  1
  0     -175     -137      171     -137
        0        0        0        0        0        0        0
  0     -175     -137     -175      139
        0        0        0        0        0        0        0
  1     -168     -133      167      128
        0  1.37795  1.37795        0        0        0        0
 4.832677 2.496063 -5.334646 0.000000 -90.000000 0.000000 0.000000
  2
  0     -175     -135      207     -135
        0        0        0        0        0        0        0
  0     -175     -134     -175      134
        0        0        0        0        0        0        0
  1     -172     -133      171      120
        0        0        0        0        0        0        0
 7.217717 14.817717 -15.295276 0.000000 0.000000 -90.000000 0.000000
  3
  0     -152      -96      165      -97
        0        0        0        0        0        0        0
  0     -157      -92     -157      183
        0        0        0        0        0        0        0
  0     -152      -92      171      181
        0  2.75591        0        0        0        0        0
 1.800000 12.850000 -15.000000 180.000000 0.000000 0.000000 0.000000
END
