6
ASCA0001 COLORGAGE 0
0 
17  0  3  1  0  0  0 -616 -470 599 498      0      0      0      0      0      0      0 
0

DGY20002 COLORGAGE 0
0 
17  0  3  1  0  0  0 -616 -470 599 498      0      0      0      0      0      0      0 
0

DGY20003 COLORGAGE 0
0 
17  0  3  1  0  0  0 -616 -470 599 498      0      0      0      0      0      0      0 
0

DGY20004 COLORGAGE 0
0 
17  0  3  1  0  0  0 -616 -470 599 498      0      0      0      0      0      0      0 
0

DGY20005 COLORGAGE 0
0 
17  0  3  1  0  0  0 -616 -470 599 498      0      0      0      0      0      0      0 
0

DGY20006 COLORGAGE 0
0 
17  0  3  1  0  0  0 -616 -470 599 498      0      0      0      0      0      0      0 
0

END
