6
ASCA0001 COLORGAGE 0
0 
17  0  3  1  0  0  0 -616 -470 599 498      0      0      0      0      0      0      0 
0

DGY10002 COLORGAGE 0
0 
17  0  3  1  0  0  0 -616 -470 599 498      0      0      0      0      0      0      0 
0

DGY10003 COLORGAGE 0
0 
17  0  3  1  0  0  0 -616 -470 599 498      0      0      0      0      0      0      0 
0

DGY10004 COLORGAGE 0
0 
17  0  3  1  0  0  0 -616 -470 599 498      0      0      0      0      0      0      0 
0

DGY10005 COLORGAGE 0
0 
17  0  3  1  0  0  0 -616 -470 599 498      0      0      0      0      0      0      0 
0

DGY10006 COLORGAGE 0
0 
17  0  3  1  0  0  0 -616 -470 599 498      0      0      0      0      0      0      0 
0

END
